110
1 2
1 3
1 4
1 5
1 6
1 7
1 8
1 9
1 10
11 12
11 13
11 14
11 15
11 16
11 17
11 18
11 19
11 20
21 22
21 23
21 24
21 25
21 26
21 27
21 28
21 29
21 30
31 32
31 33
31 34
31 35
31 36
31 37
31 38
31 39
31 40
41 42
41 43
41 44
41 45
41 46
41 47
41 48
41 49
41 50
51 52
51 53
51 54
51 55
51 56
51 57
51 58
51 59
51 60
61 62
61 63
61 64
61 65
61 66
61 67
61 68
61 69
61 70
71 72
71 73
71 74
71 75
71 76
71 77
71 78
71 79
71 80
81 82
81 83
81 84
81 85
81 86
81 87
81 88
81 89
81 90
91 92
91 93
91 94
91 95
91 96
91 97
91 98
91 99
91 100
1 11
11 21
21 31
31 41
41 51
51 61
61 71
71 81
81 91
0 0
